1 1 11 11 99.60%
6 6 6 6 99.50%
1 1 11 12 99.40%
1 1 3 8 99.30%
1 2 2 6 99.30%
1 1 13 13 99.30%
12 12 12 12 99.30%
1 1 4 6 99.20%
1 1 2 12 99.10%
1 1 1 12 99.10%
1 1 12 12 99.10%
2 2 2 12 99.10%
1 2 3 4 99%
1 1 11 13 99%
1 1 5 5 99%
2 2 12 12 99%
1 1 1 8 98.90%
1 1 10 12 98.90%
4 6 11 11 98.90%
1 6 6 12 98.90%
1 1 12 13 98.90%
2 2 2 3 98.90%
1 1 2 11 98.80%
4 6 13 13 98.80%
1 6 7 12 98.80%
2 2 4 6 98.80%
11 11 12 12 98.70%
2 7 7 12 98.70%
3 3 12 12 98.70%
1 3 4 12 98.60%
2 5 5 12 98.60%
1 5 6 12 98.60%
7 7 12 12 98.50%
1 1 2 13 98.50%
10 10 12 12 98.50%
5 5 12 12 98.50%
12 12 13 13 98.50%
2 4 4 12 98.50%
2 2 10 10 98.40%
1 1 4 8 98.40%
4 6 7 7 98.40%
9 9 12 12 98.40%
11 11 11 13 98.40%
2 3 3 12 98.40%
8 8 12 12 98.40%
6 6 12 12 98.40%
1 6 7 10 98.40%
1 1 2 6 98.30%
1 5 8 12 98.30%
2 2 4 5 98.30%
1 2 3 10 98.30%
1 5 7 12 98.20%
4 4 12 12 98.20%
1 6 8 9 98.20%
2 12 12 12 98.20%
2 2 3 8 98.10%
1 4 7 12 98.10%
4 6 6 6 98.10%
1 6 6 11 98.10%
1 5 7 11 98.10%
2 2 8 12 98.10%
3 3 3 8 98%
4 4 4 6 98%
2 2 11 13 98%
3 4 4 8 97.90%
2 2 3 12 97.90%
1 1 3 4 97.90%
1 5 7 13 97.90%
1 1 4 5 97.80%
5 5 7 7 97.80%
1 1 10 13 97.80%
6 6 11 13 97.80%
3 3 3 6 97.80%
3 6 7 8 97.80%
2 3 4 6 97.80%
1 7 7 10 97.70%
3 3 4 6 97.70%
1 2 2 12 97.70%
11 13 13 13 97.70%
1 4 6 13 97.70%
2 4 8 10 97.70%
1 4 10 10 97.60%
2 3 12 12 97.60%
1 2 11 11 97.60%
3 9 9 9 97.60%
5 6 6 7 97.60%
1 1 2 8 97.50%
11 12 12 12 97.50%
3 7 7 7 97.50%
4 4 11 13 97.50%
4 8 10 10 97.50%
1 2 6 6 97.50%
4 5 12 13 97.50%
1 2 10 11 97.50%
1 3 4 5 97.50%
1 1 3 12 97.40%
1 1 3 6 97.40%
1 1 1 11 97.40%
1 8 8 8 97.40%
1 1 1 13 97.40%
4 5 5 6 97.40%
3 8 8 8 97.40%
1 7 8 10 97.40%
4 4 4 4 97.40%
1 1 4 12 97.30%
1 2 4 12 97.30%
3 4 4 6 97.30%
1 4 8 12 97.30%
1 2 4 4 97.30%
4 5 5 5 97.30%
10 10 11 13 97.30%
2 6 6 12 97.30%
1 6 8 11 97.30%
6 8 10 12 97.30%
4 5 12 12 97.20%
1 3 3 4 97.20%
1 1 6 6 97.20%
1 2 10 12 97.20%
1 5 10 10 97.20%
1 6 9 9 97.20%
5 6 12 12 97.10%
2 9 9 12 97.10%
3 8 9 9 97.10%
4 5 11 12 97.10%
3 7 10 10 97.10%
2 8 8 12 97.10%
5 6 12 13 97.10%
1 3 6 6 97.10%
1 6 7 11 97.10%
1 6 8 10 97.10%
1 2 2 11 97.10%
1 1 3 9 97%
5 6 11 12 97%
1 2 3 8 97%
1 3 11 11 97%
4 7 10 11 97%
1 6 8 12 96.90%
1 3 10 10 96.90%
1 1 4 7 96.90%
12 12 12 13 96.90%
9 9 11 13 96.90%
7 7 11 13 96.90%
1 4 4 5 96.90%
1 6 6 13 96.90%
1 2 3 6 96.90%
1 2 10 13 96.90%
1 3 13 13 96.90%
11 12 12 13 96.90%
4 6 6 8 96.90%
1 2 11 12 96.90%
2 11 11 12 96.80%
2 12 13 13 96.80%
8 8 11 13 96.80%
3 6 6 8 96.80%
2 10 10 12 96.80%
1 2 4 8 96.80%
1 4 7 8 96.80%
1 2 13 13 96.80%
5 7 10 12 96.80%
1 3 3 9 96.80%
1 4 8 13 96.80%
3 4 5 12 96.80%
3 5 5 8 96.70%
4 6 8 8 96.70%
1 7 8 9 96.70%
1 1 9 13 96.70%
3 3 3 12 96.70%
2 6 7 13 96.70%
1 1 3 7 96.60%
2 3 3 8 96.60%
4 6 9 9 96.60%
1 3 6 12 96.60%
3 3 4 8 96.60%
1 7 8 8 96.60%
6 7 11 12 96.60%
1 3 3 7 96.60%
2 4 4 8 96.60%
1 7 7 11 96.60%
5 5 11 12 96.50%
1 8 8 12 96.50%
2 7 7 8 96.50%
1 4 6 12 96.50%
3 3 11 13 96.50%
2 2 2 8 96.50%
1 3 10 11 96.50%
3 4 5 7 96.50%
1 3 7 13 96.50%
10 11 11 12 96.50%
1 3 8 12 96.50%
2 8 9 9 96.40%
1 2 3 12 96.40%
4 4 5 8 96.40%
1 1 5 6 96.30%
4 6 6 7 96.30%
3 4 10 13 96.30%
4 6 12 12 96.30%
1 4 7 13 96.30%
1 1 5 8 96.20%
3 7 7 8 96.20%
1 2 2 10 96.20%
1 2 6 12 96.20%
3 8 12 12 96.20%
1 1 5 7 96.20%
2 2 2 4 96.20%
3 3 5 6 96.20%
8 9 10 13 96.20%
6 7 10 13 96.20%
2 3 5 5 96.20%
1 7 7 9 96.20%
2 4 10 12 96.20%
1 2 3 9 96.20%
3 4 11 13 96.10%
1 8 8 9 96.10%
1 4 4 7 96.10%
7 9 13 13 96.10%
4 4 4 12 96.10%
1 2 3 7 96.10%
1 2 2 13 96.10%
1 8 9 12 96%
1 3 5 12 96%
7 8 12 12 96%
3 6 10 11 96%
3 4 5 8 96%
1 4 8 8 96%
1 5 8 10 96%
1 3 10 12 96%
2 2 7 13 96%
8 9 12 12 95.90%
2 4 11 11 95.90%
4 4 5 6 95.90%
1 2 8 8 95.90%
4 4 4 8 95.90%
7 8 12 13 95.90%
1 4 5 5 95.90%
3 6 6 9 95.90%
2 3 3 6 95.90%
3 8 11 11 95.80%
3 7 8 8 95.80%
3 8 12 13 95.80%
1 3 9 12 95.80%
2 11 12 12 95.80%
1 2 12 12 95.80%
1 2 4 6 95.80%
7 8 11 12 95.80%
3 8 9 10 95.80%
2 3 12 13 95.80%
5 7 11 11 95.80%
1 2 4 10 95.80%
1 2 2 4 95.80%
10 11 12 13 95.80%
1 2 5 12 95.70%
1 1 2 10 95.70%
4 6 10 10 95.70%
5 5 5 6 95.70%
2 10 11 12 95.70%
9 10 11 12 95.70%
1 3 4 11 95.70%
1 4 4 4 95.70%
4 4 8 8 95.70%
2 2 4 8 95.70%
10 11 12 12 95.60%
5 5 11 13 95.60%
6 10 10 10 95.60%
1 3 3 5 95.60%
3 3 3 3 95.60%
1 3 6 7 95.60%
8 9 12 13 95.60%
2 6 10 10 95.60%
2 6 7 9 95.60%
3 3 9 9 95.60%
1 4 9 12 95.60%
1 2 3 3 95.60%
1 4 5 12 95.50%
1 2 6 8 95.50%
5 5 12 13 95.50%
1 7 8 12 95.50%
2 5 6 11 95.50%
3 8 8 9 95.50%
4 8 10 12 95.50%
2 2 6 6 95.50%
2 6 6 6 95.50%
6 7 12 12 95.40%
1 4 4 12 95.40%
1 10 12 12 95.40%
11 12 13 13 95.40%
2 12 12 13 95.40%
4 6 7 8 95.40%
1 2 3 11 95.40%
1 7 9 12 95.30%
1 8 10 12 95.30%
6 7 12 13 95.30%
1 3 3 3 95.30%
1 2 6 7 95.30%
2 2 4 7 95.30%
1 4 8 11 95.30%
1 2 5 8 95.20%
4 8 11 11 95.20%
9 10 12 12 95.20%
7 9 11 11 95.20%
1 3 9 11 95.20%
2 5 9 12 95.20%
2 5 9 12 95.20%
1 2 12 13 95.20%
1 9 9 12 95.10%
3 8 10 10 95.10%
1 3 6 8 95.10%
4 5 6 6 95.10%
2 6 6 8 95.10%
3 6 6 12 95.10%
2 6 9 11 95.10%
2 5 6 8 95.10%
1 3 3 12 95%
1 1 2 7 95%
8 9 11 12 95%
1 2 3 5 95%
3 3 4 12 95%
1 4 10 11 95%
2 8 10 10 94.90%
1 5 8 8 94.90%
2 5 6 12 94.90%
2 8 9 12 94.90%
1 1 6 8 94.90%
4 5 7 8 94.90%
1 3 4 7 94.90%
2 2 6 8 94.90%
1 6 9 12 94.80%
1 3 5 8 94.80%
1 2 5 5 94.80%
1 1 3 5 94.80%
9 11 11 11 94.80%
2 3 5 11 94.80%
2 2 6 10 94.80%
3 3 11 12 94.70%
5 5 5 5 94.70%
2 7 8 12 94.70%
3 9 9 12 94.70%
1 2 5 6 94.70%
2 8 12 12 94.70%
2 4 13 13 94.70%
1 2 2 5 94.70%
1 2 5 9 94.70%
4 7 9 12 94.70%
3 8 13 13 94.60%
1 6 12 12 94.60%
2 4 5 12 94.60%
8 10 11 11 94.60%
3 4 11 12 94.60%
3 4 9 12 94.60%
1 8 10 13 94.50%
1 10 11 12 94.50%
1 2 5 7 94.50%
11 11 12 13 94.50%
3 5 10 12 94.50%
9 10 10 13 94.50%
2 4 6 12 94.50%
11 11 11 12 94.40%
3 6 11 11 94.40%
1 1 3 13 94.40%
1 4 6 8 94.40%
2 6 10 12 94.40%
2 11 11 13 94.40%
2 3 5 6 94.40%
2 4 5 13 94.40%
2 7 8 11 94.40%
1 1 4 4 94.30%
1 1 2 9 94.30%
2 4 5 8 94.30%
1 3 5 13 94.30%
1 5 5 6 94.30%
2 3 7 12 94.30%
10 12 13 13 94.30%
2 7 9 10 94.30%
1 4 9 11 94.30%
3 7 8 12 94.30%
1 3 4 9 94.30%
1 2 7 8 94.30%
1 2 5 13 94.30%
3 6 13 13 94.20%
4 8 13 13 94.20%
12 13 13 13 94.20%
3 3 3 10 94.20%
2 2 3 9 94.20%
4 8 8 12 94.20%
4 6 10 11 94.10%
1 5 7 8 94.10%
2 8 10 11 94.10%
3 3 4 4 94.10%
1 2 6 9 94.10%
3 4 5 5 94.10%
2 4 4 4 94.10%
9 9 11 12 94%
1 12 13 13 94%
3 8 11 12 94%
4 8 8 8 94%
1 5 9 9 94%
1 7 9 9 94%
4 6 8 12 94%
2 5 10 11 94%
7 7 11 12 93.90%
3 5 11 11 93.90%
6 8 11 11 93.90%
2 7 8 13 93.90%
3 6 6 6 93.90%
2 3 4 12 93.90%
2 2 6 12 93.90%
2 2 2 10 93.90%
2 4 6 6 93.90%
2 3 11 12 93.80%
1 1 3 11 93.80%
10 11 11 13 93.80%
4 7 8 8 93.80%
2 4 8 8 93.80%
6 8 9 13 93.80%
3 8 10 11 93.70%
4 7 7 8 93.70%
3 4 12 12 93.70%
2 3 3 13 93.70%
1 10 12 13 93.70%
3 5 13 13 93.70%
8 10 10 12 93.70%
3 6 8 9 93.70%
1 5 8 9 93.60%
9 9 12 13 93.60%
1 2 11 13 93.60%
1 11 12 12 93.60%
1 6 8 13 93.60%
3 5 6 8 93.60%
3 3 4 5 93.60%
2 2 4 10 93.60%
1 2 8 9 93.60%
1 2 9 13 93.60%
3 4 7 7 93.60%
2 3 8 12 93.60%
6 6 10 13 93.50%
2 11 13 13 93.50%
4 4 5 5 93.50%
1 9 11 12 93.50%
3 10 10 12 93.50%
3 6 9 9 93.50%
1 7 9 13 93.50%
7 9 10 12 93.50%
2 4 6 10 93.50%
1 4 4 9 93.50%
2 2 8 10 93.50%
3 3 6 9 93.50%
1 9 10 12 93.40%
2 9 10 12 93.40%
2 8 8 8 93.40%
1 11 12 13 93.40%
2 6 6 10 93.40%
4 6 12 13 93.30%
1 6 6 10 93.30%
2 2 2 13 93.30%
1 8 8 11 93.30%
5 7 13 13 93.30%
1 3 6 9 93.30%
9 10 12 13 93.30%
1 3 9 13 93.30%
2 6 8 12 93.30%
7 7 12 13 93.20%
4 6 9 10 93.20%
3 7 12 13 93.20%
3 6 12 12 93.20%
2 4 9 13 93.20%
1 4 9 10 93.20%
4 6 10 12 93.20%
1 5 6 6 93.10%
3 6 6 7 93.10%
1 12 12 12 93.10%
3 4 8 10 93.10%
6 6 10 12 93.10%
3 4 12 13 93.10%
1 3 4 13 93.10%
4 8 9 11 93.10%
2 3 3 9 93.10%
1 11 11 12 93%
3 3 12 13 93%
1 12 12 13 93%
6 8 13 13 93%
3 5 6 12 93%
2 6 8 11 93%
2 6 8 10 93%
1 5 5 13 93%
2 3 4 4 93%
2 4 6 8 93%
3 6 7 7 92.90%
4 4 10 13 92.90%
4 6 11 12 92.90%
4 8 11 12 92.90%
1 2 4 13 92.90%
5 6 7 8 92.90%
2 2 3 3 92.90%
4 4 6 12 92.90%
2 4 8 12 92.90%
1 5 9 11 92.90%
2 8 8 13 92.80%
2 2 5 5 92.80%
5 9 10 10 92.80%
3 6 11 12 92.80%
5 5 6 6 92.80%
7 10 10 11 92.80%
1 3 5 11 92.80%
2 2 7 8 92.80%
4 6 8 9 92.80%
3 4 7 10 92.80%
3 7 7 13 92.80%
2 3 10 13 92.80%
1 2 2 8 92.70%
10 10 11 12 92.70%
10 10 10 13 92.70%
1 8 9 11 92.70%
4 4 7 9 92.70%
4 5 8 12 92.70%
1 3 4 4 92.60%
1 3 5 10 92.60%
3 6 10 12 92.50%
6 6 9 12 92.50%
1 4 6 11 92.50%
3 6 7 9 92.50%
3 4 7 9 92.50%
3 4 10 12 92.50%
2 4 8 11 92.50%
1 5 9 10 92.50%
2 3 6 10 92.50%
1 2 7 9 92.50%
3 4 6 12 92.50%
1 6 8 8 92.40%
3 9 10 11 92.40%
1 3 4 10 92.40%
3 6 9 12 92.40%
1 9 12 12 92.30%
1 1 4 9 92.30%
3 6 8 8 92.30%
1 7 10 12 92.20%
2 5 8 9 92.20%
2 6 8 8 92.20%
10 13 13 13 92.10%
2 7 8 8 92.10%
3 6 9 10 92.10%
5 8 8 13 92.10%
4 7 8 9 92.10%
2 4 7 11 92.10%
2 8 8 10 92.10%
2 3 6 9 92.10%
2 3 11 13 92%
5 10 13 13 92%
2 3 4 8 92%
2 5 8 13 92%
3 3 4 9 92%
2 3 8 11 92%
1 3 8 9 91.90%
1 8 8 10 91.90%
2 2 12 13 91.90%
5 5 7 8 91.90%
4 10 12 12 91.90%
2 5 6 7 91.90%
3 3 7 11 91.90%
2 3 5 9 91.90%
5 8 9 12 91.90%
8 10 13 13 91.80%
2 3 3 7 91.80%
2 3 7 11 91.80%
1 2 8 13 91.80%
2 2 11 12 91.70%
1 7 8 11 91.70%
3 3 3 7 91.70%
10 10 12 13 91.70%
3 12 12 13 91.70%
3 5 6 6 91.70%
2 5 7 10 91.70%
1 2 3 13 91.70%
1 10 10 12 91.60%
4 4 12 13 91.60%
1 5 10 12 91.60%
9 11 13 13 91.60%
2 7 11 12 91.60%
1 2 9 12 91.60%
3 5 6 9 91.60%
1 5 6 9 91.50%
4 7 12 13 91.50%
5 6 8 8 91.50%
3 7 9 10 91.50%
1 4 4 10 91.50%
1 2 2 7 91.50%
2 2 3 6 91.50%
7 8 10 13 91.50%
4 4 8 12 91.50%
2 6 7 12 91.40%
1 8 11 12 91.40%
2 2 4 11 91.40%
6 6 6 8 91.40%
3 5 8 8 91.30%
1 3 6 13 91.30%
3 3 8 12 91.30%
2 5 5 13 91.20%
8 8 12 13 91.20%
4 8 12 13 91.20%
1 5 6 10 91.20%
4 8 8 9 91.20%
1 11 13 13 91.20%
2 3 4 10 91.20%
2 3 6 6 91.20%
2 2 2 11 91.10%
3 7 12 12 91.10%
4 5 5 9 91.10%
3 11 11 12 91%
5 6 10 13 91%
2 4 6 9 91%
3 4 4 5 91%
1 2 5 10 91%
2 5 6 13 90.90%
6 7 8 10 90.90%
2 4 7 10 90.90%
1 6 9 10 90.90%
3 5 9 13 90.90%
1 2 7 10 90.80%
3 8 8 12 90.80%
5 6 11 13 90.80%
4 4 4 7 90.80%
4 4 8 10 90.80%
2 4 5 6 90.80%
4 4 11 12 90.70%
2 2 4 13 90.70%
1 2 4 9 90.70%
6 9 10 11 90.70%
2 3 6 12 90.70%
4 5 7 7 90.60%
1 8 9 13 90.60%
1 2 4 11 90.60%
2 2 9 11 90.60%
5 5 6 7 90.60%
5 7 9 13 90.60%
2 2 8 8 90.60%
1 4 12 12 90.50%
3 12 13 13 90.50%
5 6 9 9 90.50%
6 6 12 13 90.50%
5 6 9 10 90.50%
6 8 12 12 90.50%
1 4 5 10 90.50%
1 2 6 13 90.40%
6 6 8 12 90.40%
9 9 10 13 90.30%
4 5 10 10 90.30%
3 4 4 9 90.30%
4 4 10 12 90.30%
6 8 8 10 90.30%
2 3 9 9 90.30%
3 4 6 6 90.30%
5 8 8 10 90.20%
8 9 11 13 90.20%
3 4 5 10 90.20%
2 4 9 9 90.20%
3 12 12 12 90.20%
6 6 8 9 90.20%
2 8 9 11 90.20%
2 3 4 13 90.20%
1 2 4 5 90.20%
4 5 10 13 90.20%
4 7 8 13 90.20%
1 5 6 13 90.20%
1 3 8 13 90.20%
3 4 6 8 90.20%
8 8 11 12 90.10%
3 7 9 9 90.10%
5 10 11 11 90.10%
6 6 7 9 90.10%
3 11 12 12 90.10%
4 11 12 13 90.10%
1 5 6 8 90.10%
2 2 4 9 90.10%
1 3 5 9 90.10%
2 3 6 11 90.10%
2 4 6 7 90.10%
8 8 10 13 90%
3 4 4 12 90%
1 4 5 11 90%
3 9 10 12 90%
4 5 6 10 90%
3 9 12 12 89.90%
4 5 6 7 89.90%
2 13 13 13 89.80%
1 1 6 12 89.80%
3 8 9 12 89.80%
1 5 5 12 89.70%
3 7 11 12 89.70%
3 4 4 7 89.70%
1 6 9 13 89.70%
4 5 9 10 89.70%
4 9 9 10 89.70%
3 3 6 11 89.70%
4 8 9 9 89.60%
8 8 8 10 89.60%
4 7 9 10 89.60%
2 8 8 9 89.60%
3 5 9 12 89.60%
3 4 6 10 89.60%
2 2 10 13 89.50%
2 8 12 13 89.50%
3 5 5 7 89.50%
6 7 11 13 89.50%
2 8 9 13 89.50%
2 9 10 13 89.50%
2 4 4 6 89.50%
2 8 13 13 89.40%
1 3 7 8 89.40%
7 8 11 13 89.40%
3 4 4 13 89.40%
2 3 6 13 89.40%
4 5 11 13 89.30%
1 6 6 9 89.30%
10 12 12 13 89.30%
3 3 4 7 89.30%
5 6 10 11 89.30%
3 7 10 11 89.30%
2 9 12 13 89.30%
3 9 11 12 89.30%
3 8 8 11 89.30%
2 3 9 10 89.30%
2 4 4 10 89.30%
3 5 8 11 89.20%
1 3 5 7 89.20%
2 11 12 13 89.20%
3 3 7 9 89.20%
6 6 11 12 89.10%
2 10 10 13 89.10%
3 3 5 5 89.10%
5 5 8 9 89.10%
1 3 3 10 89.10%
2 11 11 11 89%
3 5 5 6 89%
1 9 11 11 89%
4 8 10 11 89%
3 4 9 11 89%
1 2 6 11 89%
5 6 6 10 89%
6 6 6 12 89%
5 6 8 9 89%
2 3 5 7 89%
1 7 7 12 88.90%
2 3 3 11 88.90%
2 6 7 8 88.90%
6 6 8 10 88.90%
1 5 8 11 88.90%
9 10 11 13 88.80%
2 2 5 7 88.80%
2 4 4 7 88.80%
5 5 10 13 88.70%
6 6 6 9 88.70%
2 2 5 6 88.70%
2 4 10 13 88.70%
3 5 6 7 88.70%
4 9 12 12 88.70%
1 4 4 8 88.70%
7 7 10 13 88.60%
3 9 12 13 88.60%
4 4 7 12 88.60%
6 10 12 12 88.60%
8 8 9 11 88.50%
6 6 9 11 88.50%
3 6 7 12 88.50%
1 2 4 7 88.50%
3 7 7 12 88.40%
6 6 6 11 88.40%
3 3 8 9 88.40%
5 8 9 11 88.40%
2 8 9 10 88.40%
2 9 11 11 88.40%
3 10 11 12 88.40%
3 7 7 10 88.40%
2 6 11 13 88.30%
2 10 11 13 88.30%
1 4 8 9 88.30%
1 1 8 8 88.20%
4 5 8 9 88.20%
5 9 9 11 88.20%
3 5 5 12 88.10%
1 6 11 12 88.10%
3 4 6 11 88.10%
1 3 4 8 88.10%
3 4 8 9 88.10%
2 8 11 11 88%
4 7 7 7 88%
3 3 10 13 88%
4 8 9 10 88%
4 5 9 13 88%
1 5 6 7 88%
1 6 12 13 87.90%
4 4 4 9 87.90%
6 9 12 13 87.90%
3 3 4 11 87.90%
6 9 12 12 87.80%
2 2 3 7 87.80%
4 9 11 12 87.80%
2 6 12 12 87.80%
2 9 10 11 87.70%
2 3 4 11 87.70%
8 8 8 12 87.60%
5 8 11 13 87.60%
1 5 10 13 87.60%
5 7 8 9 87.60%
6 8 8 12 87.60%
3 7 9 11 87.60%
4 7 12 12 87.50%
2 9 9 13 87.50%
3 7 10 13 87.50%
3 3 6 7 87.50%
2 3 4 9 87.50%
1 4 5 7 87.50%
1 5 5 9 87.40%
4 5 7 12 87.40%
4 6 6 9 87.40%
7 9 9 13 87.30%
3 4 8 12 87.30%
2 8 11 12 87.20%
5 6 8 12 87.20%
4 5 9 9 87.10%
2 5 5 8 87.10%
1 1 3 10 87.10%
1 3 3 11 87.10%
1 3 6 11 87.10%
1 4 5 13 87.10%
1 2 7 11 87.10%
5 6 11 11 87%
4 7 13 13 87%
4 5 7 11 87%
5 6 7 7 86.90%
5 5 10 11 86.90%
4 5 10 11 86.90%
2 2 3 13 86.90%
6 8 8 11 86.90%
1 4 6 7 86.90%
2 5 6 10 86.90%
2 4 5 11 86.90%
4 5 11 11 86.80%
3 3 5 9 86.80%
4 5 6 8 86.80%
5 6 6 6 86.70%
1 8 11 13 86.70%
1 5 5 11 86.70%
4 5 5 8 86.60%
5 5 5 9 86.60%
2 2 8 9 86.60%
1 3 3 6 86.60%
6 9 9 12 86.60%
5 5 10 10 86.50%
6 8 8 8 86.50%
5 6 10 10 86.50%
3 4 7 11 86.50%
4 7 7 11 86.50%
2 7 9 13 86.50%
4 5 13 13 86.40%
2 2 5 11 86.40%
2 6 8 13 86.40%
4 4 6 10 86.40%
2 9 9 11 86.30%
5 5 9 10 86.30%
2 4 6 13 86.30%
6 12 13 13 86.30%
1 2 6 10 86.30%
3 3 6 12 86.30%
3 7 11 11 86.20%
1 6 10 13 86.20%
5 5 11 11 86.10%
5 8 8 9 86.10%
4 7 11 11 86%
4 4 8 11 86%
5 10 10 12 86%
1 9 11 13 86%
5 6 7 13 86%
2 3 4 7 86%
3 3 9 12 86%
3 7 7 9 85.90%
4 7 11 12 85.90%
4 6 7 10 85.90%
2 3 9 13 85.90%
3 4 8 11 85.90%
1 8 10 11 85.90%
1 11 11 13 85.90%
5 8 11 12 85.90%
5 6 8 10 85.90%
5 8 10 11 85.90%
2 4 9 12 85.90%
3 9 13 13 85.80%
4 5 8 8 85.80%
1 3 8 8 85.80%
5 6 9 12 85.80%
2 5 8 11 85.80%
6 8 9 9 85.80%
3 7 13 13 85.70%
5 6 13 13 85.70%
7 8 8 9 85.70%
5 5 6 11 85.70%
3 7 8 9 85.60%
2 3 10 12 85.60%
3 3 5 12 85.60%
3 5 7 8 85.60%
4 4 6 11 85.50%
1 4 6 9 85.50%
1 7 9 10 85.50%
3 3 6 10 85.50%
3 6 9 11 85.50%
1 3 7 10 85.50%
3 9 11 11 85.40%
4 7 9 9 85.40%
6 6 8 8 85.40%
1 4 4 11 85.40%
3 5 7 9 85.40%
2 3 7 13 85.40%
3 9 9 10 85.30%
6 8 10 13 85.30%
6 8 11 13 85.30%
6 7 9 12 85.30%
6 11 11 12 85.30%
4 5 7 9 85.30%
2 7 7 11 85.20%
2 4 5 9 85.20%
4 8 8 10 85.20%
3 5 6 10 85.20%
4 8 12 12 85.20%
4 4 8 13 85.10%
1 5 10 11 85.10%
4 4 5 10 85%
3 3 6 13 85%
5 5 13 13 84.90%
2 7 7 13 84.90%
2 6 6 13 84.90%
3 6 12 13 84.90%
2 2 3 11 84.90%
6 8 9 12 84.90%
1 3 5 6 84.90%
4 4 4 11 84.80%
1 6 6 6 84.80%
2 3 5 13 84.80%
1 3 7 12 84.70%
2 4 4 13 84.60%
3 3 3 5 84.60%
1 7 9 11 84.60%
4 5 10 12 84.60%
4 12 12 12 84.50%
3 7 9 12 84.50%
3 4 9 9 84.50%
1 1 4 10 84.40%
4 6 9 13 84.40%
2 10 11 11 84.30%
3 9 10 10 84.20%
3 6 10 10 84.20%
1 5 9 13 84.20%
2 2 5 12 84.20%
3 4 5 9 84.10%
2 3 3 10 84.10%
2 3 4 5 84.10%
4 6 6 12 84.10%
5 5 9 9 84%
1 6 7 9 84%
1 3 7 7 84%
7 10 12 12 83.90%
1 3 12 12 83.80%
6 7 10 12 83.80%
4 4 5 11 83.80%
3 3 5 13 83.80%
1 3 9 9 83.70%
5 6 7 12 83.60%
2 4 6 11 83.60%
4 4 5 7 83.50%
2 4 12 12 83.50%
3 5 7 10 83.50%
5 5 8 8 83.40%
3 7 8 13 83.40%
1 5 7 9 83.40%
2 6 10 13 83.40%
2 10 10 11 83.30%
2 4 8 9 83.30%
1 4 7 7 83.30%
4 4 7 8 83.30%
4 4 4 5 83.10%
1 1 7 10 83.10%
2 4 4 11 83%
3 3 3 9 83%
6 8 9 11 83%
3 4 5 6 83%
2 6 9 12 83.00%
6 6 7 12 82.90%
6 6 7 10 82.80%
8 8 8 13 82.80%
3 3 7 12 82.80%
1 7 10 13 82.80%
2 5 7 13 82.80%
4 4 6 8 82.80%
4 7 10 10 82.70%
6 7 8 9 82.70%
6 7 8 11 82.70%
4 7 9 13 82.70%
4 8 9 13 82.70%
2 8 8 11 82.60%
2 6 6 11 82.50%
2 7 9 11 82.50%
5 10 12 13 82.40%
2 5 7 7 82.40%
6 6 8 13 82.30%
7 8 9 13 82.20%
5 8 10 12 82.20%
5 11 12 12 82.10%
3 9 10 13 82%
5 9 12 12 82%
3 4 6 9 82%
2 3 8 10 82.00%
4 8 11 13 81.90%
2 2 7 12 81.80%
7 8 8 12 81.80%
1 9 10 13 81.80%
1 4 5 8 81.80%
3 5 6 11 81.70%
3 3 5 10 81.70%
3 5 5 9 81.60%
4 9 10 13 81.60%
3 6 7 13 81.60%
3 7 8 11 81.50%
2 4 4 5 81.50%
3 4 7 12 81.50%
2 5 5 11 81.40%
4 4 9 11 81.40%
4 4 6 13 81.40%
1 4 7 9 81.40%
2 5 12 12 81.30%
6 6 8 11 81.20%
5 7 8 8 81.20%
2 5 7 11 81.20%
1 3 6 10 81.20%
8 9 9 12 81.10%
2 5 8 10 81.10%
2 5 5 7 81.10%
6 9 9 11 81%
6 10 12 13 80.90%
3 5 10 13 80.90%
2 4 8 13 80.90%
2 3 3 3 80.90%
4 5 5 7 80.80%
2 6 7 11 80.80%
2 9 11 13 80.80%
9 12 12 12 80.70%
1 4 5 9 80.70%
1 2 2 9 80.60%
3 3 3 4 80.60%
2 3 8 9 80.60%
7 12 12 13 80.50%
4 10 12 13 80.40%
2 8 10 13 80.40%
3 6 8 13 80.30%
8 8 9 13 80.10%
1 5 12 12 80.10%
4 5 5 10 80.10%
2 10 12 13 80.10%
2 3 6 7 80.10%
2 4 7 9 80.00%
6 9 10 12 79.90%
4 6 7 12 79.80%
2 3 7 8 79.60%
3 3 8 10 79.60%
1 3 7 9 79.60%
5 6 6 8 79.50%
2 5 10 13 79.50%
5 5 8 10 79.40%
4 6 8 13 79.40%
1 4 4 6 79.40%
2 7 12 13 79.20%
1 1 6 9 79.20%
6 7 9 9 79%
3 5 11 12 79%
5 6 6 12 79.00%
1 7 12 12 78.90%
3 5 9 9 78.90%
2 3 8 8 78.80%
3 5 5 11 78.70%
4 7 8 12 78.60%
4 7 10 12 78.50%
3 3 9 11 78.50%
1 5 6 11 78.50%
3 8 9 11 78.50%
3 6 8 12 78.50%
5 5 8 13 78.20%
7 8 8 11 78.10%
2 4 5 7 78.10%
1 5 8 13 78.10%
2 8 10 12 78.10%
7 8 9 10 78.00%
2 3 5 10 78.00%
3 4 9 13 77.90%
6 11 12 13 77.80%
5 5 8 12 77.80%
2 7 10 11 77.80%
2 4 9 10 77.80%
7 7 8 11 77.70%
4 4 5 12 77.70%
2 6 12 13 77.50%
7 8 10 10 77.40%
5 9 10 13 77.30%
1 4 6 6 77.20%
5 8 8 8 77.10%
2 2 5 10 77.10%
4 5 6 13 77%
4 6 9 12 77.00%
2 2 2 5 76.80%
2 5 10 10 76.80%
8 8 10 12 76.80%
4 4 9 12 76.80%
2 5 6 6 76.80%
2 5 5 9 76.80%
5 5 6 8 76.80%
2 4 10 11 76.70%
3 3 3 11 76.60%
4 10 10 12 76.60%
1 2 7 12 76.50%
4 4 6 9 76.50%
2 5 9 10 76.50%
3 3 9 10 76.40%
2 2 3 4 76.30%
2 6 6 7 76.20%
6 8 11 12 76.20%
2 4 7 8 76.10%
2 6 11 12 75.90%
8 11 12 12 75.80%
2 3 7 7 75.80%
4 4 4 10 75.50%
2 3 7 10 75.50%
7 10 10 12 75.40%
4 5 8 13 75.30%
2 5 11 12 75.10%
4 9 10 11 74.90%
7 9 10 11 74.90%
3 4 10 10 74.90%
5 6 10 12 74.80%
4 5 8 10 74.80%
2 5 9 11 74.80%
3 3 4 13 74.80%
1 3 11 12 74.80%
2 2 2 9 74.60%
3 5 8 9 74.60%
3 5 6 13 74.50%
3 4 4 10 74.40%
4 6 8 10 74.30%
3 3 9 13 74.20%
5 7 10 10 74.20%
3 4 4 11 74.20%
2 3 6 8 74.20%
4 10 11 13 74.10%
6 12 12 12 74.10%
6 9 11 12 73.80%
5 8 12 12 73.70%
4 4 7 10 73.70%
4 5 6 9 73.70%
5 9 9 12 73.50%
2 2 4 12 73.50%
3 3 6 8 73.30%
1 3 12 13 73.20%
7 7 9 10 73.10%
4 5 8 11 73.00%
5 7 7 9 72.70%
2 2 5 9 72.70%
5 5 7 10 72.60%
2 2 9 12 72.50%
4 8 9 12 72.10%
1 3 3 8 72.10%
5 7 11 13 71.50%
3 6 11 13 71.50%
2 4 4 9 71.50%
3 8 9 13 71.50%
2 2 4 4 71.50%
2 6 6 9 71.40%
2 2 6 7 71.40%
2 6 10 11 71.30%
2 2 2 7 70.90%
2 6 8 9 70.90%
2 3 5 8 70.90%
4 4 5 13 70.70%
5 7 8 10 70.60%
6 8 9 10 70.60%
1 5 5 10 70.50%
7 10 11 13 70.40%
6 9 11 13 70.30%
3 6 6 13 70.30%
5 7 9 11 70.20%
1 3 8 11 70.10%
3 10 11 13 70.00%
6 7 7 10 69.80%
5 5 9 11 69.70%
1 3 8 10 69.70%
3 5 7 12 69.50%
4 9 9 12 69.40%
1 4 10 12 69.40%
1 5 7 10 69.30%
4 5 7 13 69.10%
3 9 9 11 69.10%
1 5 11 12 68.80%
2 7 10 12 68.80%
6 7 10 10 68.60%
2 6 7 10 68.50%
2 6 9 10 68.50%
3 6 9 13 68.50%
4 4 8 9 68.30%
5 6 9 13 68.10%
6 6 9 10 68.00%
2 5 8 8 67.90%
2 2 7 7 67.80%
3 5 10 11 67.80%
2 3 3 5 67.30%
4 7 8 11 67.10%
2 7 10 10 67.00%
3 4 8 13 67.00%
6 10 11 12 66.80%
3 5 9 10 66.80%
2 4 5 10 66.80%
6 10 10 13 66.50%
3 3 8 13 66.50%
3 5 12 13 66.50%
1 2 8 10 66.50%
3 6 8 10 66.30%
2 3 10 10 66.20%
2 3 11 11 66.10%
3 9 9 13 65.90%
8 10 12 13 65.90%
3 3 7 8 65.70%
5 7 7 10 65.50%
5 5 5 12 65.30%
1 6 10 12 64.90%
2 3 9 12 64.80%
6 6 6 10 64.60%
3 4 4 4 64.60%
3 4 5 13 64.40%
7 7 7 12 63.80%
3 5 12 12 63.40%
5 7 12 12 63.40%
2 2 9 10 63.30%
6 8 10 11 62.90%
9 9 9 12 62.60%
2 5 10 12 62.50%
3 5 7 11 62.20%
5 9 12 13 62.10%
3 4 5 11 61.80%
5 9 11 13 61.70%
4 5 7 10 61.50%
2 2 5 8 61.30%
7 9 12 12 61.20%
4 10 11 12 60.90%
10 12 12 12 60.70%
2 7 12 12 60.70%
4 7 8 10 60.60%
1 5 9 12 60.30%
6 8 8 9 60.20%
8 8 8 11 59.60%
8 10 12 12 59.60%
2 2 6 11 59.30%
4 9 10 12 59.30%
5 7 10 13 59.20%
1 4 9 13 59.00%
10 10 10 12 58.90%
2 4 5 5 58.90%
4 5 9 12 58.90%
5 7 9 10 58.50%
2 9 10 10 58.30%
7 8 8 10 58.10%
5 6 7 9 58.10%
3 4 7 8 57.60%
2 3 7 9 56.80%
3 3 6 6 56.80%
2 5 12 13 56.70%
5 6 6 9 56.60%
9 11 12 12 56.00%
3 9 11 13 56.00%
2 6 9 9 55.80%
8 9 11 11 55.60%
3 6 7 10 55.50%
2 3 13 13 54.80%
6 6 7 11 54.50%
1 7 12 13 54.40%
4 10 10 11 54.30%
1 4 6 10 53.70%
1 2 7 7 53.00%
2 2 3 10 52.60%
3 5 10 10 52.50%
8 8 9 12 52.40%
2 5 8 12 52.30%
2 2 7 10 51.90%
2 5 7 9 51.80%
4 7 9 11 50.40%
6 6 9 13 49.80%
3 8 10 12 49.70%
4 4 7 13 49.30%
2 4 7 7 49.20%
2 2 6 9 49.10%
2 2 3 5 49.10%
7 9 11 12 47.70%
3 6 6 10 46.80%
7 8 9 12 46.80%
5 5 8 11 45.90%
6 7 11 11 43.70%
5 9 10 11 42.50%
1 2 9 11 42.50%
8 9 10 12 42.30%
6 7 7 11 41.30%
4 9 11 11 41.30%
1 5 11 11 41.10%
4 5 6 12 40.70%
2 5 6 9 40.60%
1 5 5 5 40.30%
3 5 8 13 40.10%
1 3 9 10 39.50%
4 6 7 9 39.10%
6 7 8 12 39.00%
1 7 13 13 38.80%
2 7 8 9 38.50%
5 7 9 12 38.10%
3 4 6 13 37.80%
4 6 6 10 37.50%
3 3 7 7 37.40%
4 4 10 10 37.20%
4 4 7 7 37.10%
3 5 8 12 37.10%
5 10 10 11 36.60%
4 5 6 11 36.50%
2 4 11 12 36.30%
4 7 11 13 36.20%
2 2 11 11 36.20%
7 10 12 13 36.00%
6 12 12 13 35.50%
1 6 11 13 35.10%
5 10 10 13 34.80%
5 6 8 13 34.50%
2 2 13 13 34.50%
5 8 9 13 33.70%
1 4 7 11 33.50%
6 11 12 12 33.50%
5 7 10 11 32.00%
5 6 9 11 31.90%
2 2 6 13 31.80%
6 9 9 10 31.10%
2 5 7 8 29.90%
3 3 8 8 29.80%
2 3 8 13 29.30%
2 2 10 11 27.80%
4 8 8 11 27.60%
1 4 5 6 27.60%
7 8 8 13 27.50%
1 6 6 8 27.40%
4 8 8 13 27.30%
1 8 12 12 27.00%
9 11 12 13 26.70%
3 3 7 13 26.50%
3 3 5 7 26.50%
3 8 8 10 26.20%
7 8 10 11 26.00%
2 7 7 10 25.90%
2 4 7 12 25.50%
3 6 6 11 25.30%
2 4 10 10 24.90%
5 7 7 11 24.80%
1 3 4 6 24.70%
3 7 9 13 24.50%
5 5 7 11 24.30%
2 9 13 13 24.00%
3 5 7 13 21.10%
2 5 5 10 20.30%
2 3 5 12 19.30%